02/22/2018 3:26 PM
damageTaken=21
totalBulletsHit=303
totalBulletsFired=847
totalBulletsCollected=680
totalEnemiesDestroyed=50
accuracy=35.77332
rightTiltTime=12.54232
leftTiltTime=43.16676
forwardTiltTime=9.300058
backTiltTime=64.04659
deadZoneTime=45.90036
